0.196020 0.172234 0.176657 0.162619 0.125443 0.195455 0.146660 0.167415 0.144163 0.113724 0.169253 0.168617 0.516580 0.365589 0.420792 0.442144 0.358026 0.481815 0.347540 0.517146 0.409697 0.377094 0.491214 0.407830
0.212180 0.143308 0.250326 1.203611 0.177428 0.183076 0.149602 0.299918 0.218082 0.201459 0.546626 0.168111 0.505860 0.376232 0.553067 2.039335 0.219312 0.654677 0.258767 1.450549 0.418459 0.304236 1.686183 0.254529
0.186964 0.187960 0.123746 0.236776 1.158358 0.190383 0.160241 0.116908 0.264559 0.199480 0.211416 0.582940 0.302926 0.469608 0.370288 0.571053 1.913782 0.265204 0.611816 0.284742 1.379306 0.428173 0.317717 1.628181
0.615114 0.176308 0.209860 0.146233 0.211394 1.217693 0.156606 0.195213 0.149007 0.286431 0.242392 0.190504 1.690735 0.252527 0.491057 0.382191 0.513772 2.132838 0.208081 0.661129 0.273441 1.420473 0.457150 0.270338
0.214895 0.620915 0.202607 0.200260 0.173683 0.226180 1.094643 0.212553 0.165216 0.135970 0.285865 0.231851 0.360803 1.442880 0.280703 0.492149 0.488645 0.501872 1.697556 0.293971 0.586458 0.365016 1.229662 0.514463
0.225347 0.204483 0.690934 0.165086 0.168542 0.149736 0.214938 1.276658 0.162370 0.157321 0.181822 0.267556 0.461941 0.269383 1.643431 0.255374 0.443592 0.441662 0.439400 2.262003 0.234299 0.560090 0.302725 1.368925
0.308745 0.226276 0.235070 0.626671 0.173301 0.210781 0.133961 0.221451 1.052016 0.176406 0.203592 0.152678 1.441469 0.380684 0.327272 1.643687 0.265967 0.534454 0.391044 0.579319 1.907996 0.251133 0.689622 0.275868
0.165528 0.273424 0.234266 0.167073 0.560710 0.175051 0.192101 0.165742 0.217034 1.157553 0.199099 0.200501 0.280385 1.451484 0.427545 0.277696 1.588329 0.282448 0.499983 0.487450 0.580569 1.969658 0.252238 0.633193
0.168504 0.157066 0.342134 0.221807 0.175236 0.568365 0.148727 0.185407 0.132025 0.190794 1.175384 0.193645 0.646434 0.246119 1.429096 0.416440 0.270156 1.672005 0.255905 0.519809 0.395936 0.510347 2.092543 0.233479
0.192420 0.193960 0.162329 0.268559 0.206192 0.193529 0.513290 0.134874 0.172278 0.129584 0.233860 1.149247 0.239251 0.618298 0.287966 1.353614 0.402740 0.312030 1.518384 0.278383 0.516002 0.470357 0.509251 1.967845
1.196172 0.189382 0.191560 0.150125 0.279041 0.244661 0.197808 0.546660 0.152106 0.186679 0.154934 0.213834 2.038039 0.239660 0.657695 0.244751 1.336560 0.500103 0.271668 1.677889 0.268481 0.520517 0.458768 0.480068
0.263630 1.184140 0.203999 0.216181 0.149329 0.287362 0.193866 0.184015 0.499142 0.154624 0.198789 0.137953 0.589815 1.946424 0.245138 0.717969 0.233347 1.417700 0.366537 0.303297 1.698227 0.287006 0.519884 0.345741
0.174391 0.233725 1.288054 0.199973 0.171924 0.167652 0.279484 0.280127 0.211364 0.534563 0.180071 0.176285 0.586475 0.455980 2.115251 0.242948 0.569304 0.282973 1.282291 0.573405 0.284815 1.603570 0.286627 0.448976
0.194071 0.211602 0.254040 1.275215 0.207084 0.221371 0.263593 0.135361 0.271863 0.181266 0.478233 0.226656 0.301287 1.021001 0.277442 1.803750 0.240787 0.567288 1.310567 0.348453 0.651523 0.293850 1.644127 0.289310
0.207513 0.128509 0.224073 0.231817 1.046491 0.202437 0.173989 0.301845 0.142662 0.223995 0.200888 0.493046 0.318779 0.267535 0.969404 0.300778 1.856535 0.223855 0.566737 1.392536 0.345694 0.604530 0.295928 1.572031
0.511703 0.210367 0.202304 0.269908 0.222965 1.118660 0.160299 0.168186 0.280901 0.175910 0.291500 0.206610 1.613328 0.279668 0.323732 1.009170 0.276362 1.833740 0.221666 0.561178 1.275158 0.394486 0.663647 0.270960
0.194594 0.482651 0.232808 0.124533 0.350421 0.231224 1.052205 0.154871 0.140757 0.267179 0.164198 0.261521 0.258654 1.513063 0.367570 0.292057 1.034345 0.290786 1.690064 0.234018 0.623297 1.261689 0.402465 0.680498
0.236843 0.191890 0.624674 0.191070 0.167219 0.257441 0.195573 1.155729 0.183203 0.165640 0.345490 0.159965 0.627494 0.272678 1.660954 0.290761 0.296465 1.040173 0.280498 1.872174 0.245999 0.534312 1.484848 0.354831
0.215724 0.281025 0.221401 0.575810 0.173433 0.155445 0.255027 0.207537 1.197840 0.164553 0.175239 0.276335 0.424237 0.594669 0.265913 1.608161 0.262198 0.328419 1.055072 0.295036 1.795714 0.233739 0.545272 1.337096
0.260513 0.180860 0.269710 0.191433 0.519433 0.209249 0.098955 0.190964 0.200790 1.172287 0.225338 0.124577 1.487799 0.369101 0.628444 0.251184 1.594547 0.404717 0.238487 0.995055 0.302840 1.783488 0.290157 0.456328
0.206900 0.243963 0.175851 0.245594 0.180520 0.508118 0.204067 0.130805 0.194581 0.225636 1.139223 0.200922 0.506705 1.285039 0.384303 0.611688 0.306766 1.498589 0.369636 0.327083 1.043693 0.297114 1.778423 0.269511
0.225356 0.144775 0.290128 0.193409 0.250847 0.196508 0.391336 0.181185 0.131695 0.252576 0.208934 1.035315 0.299890 0.570687 1.264142 0.380679 0.657059 0.295787 1.488266 0.424398 0.314705 1.099092 0.284495 1.595613
1.139301 0.185716 0.195479 0.309726 0.178054 0.294814 0.209024 0.465561 0.198851 0.166797 0.259705 0.211481 1.823993 0.254416 0.543311 1.234659 0.387461 0.656596 0.292668 1.551411 0.312912 0.327971 0.972842 0.281159
0.257651 1.175023 0.210737 0.209750 0.292113 0.174141 0.286574 0.162876 0.413406 0.155486 0.130957 0.275259 0.289268 1.656985 0.210854 0.563059 1.521082 0.285510 0.697567 0.261499 1.562979 0.245531 0.342980 1.301435
0.217687 0.256194 1.295205 0.209426 0.149070 0.266050 0.148508 0.280848 0.192853 0.440509 0.215986 0.150747 0.947339 0.261477 1.931998 0.239516 0.473265 1.395310 0.359726 0.631911 0.259836 1.639012 0.329482 0.277501
0.420418 0.286796 0.326818 0.350527 0.242572 0.405166 0.243403 0.308012 0.285311 0.271561 0.354745 0.238252 0.931672 0.584334 0.672232 0.775614 0.531623 0.963440 0.493944 0.839780 0.627446 0.630525 0.884746 0.500037
