0.992370 0.000657 0.000258 0.000631 0.000232 0.000489 0.000586 0.000109 0.000811 0.000373 0.000496 0.000270 0.000180 0.000142 0.000084 0.000206 0.000052 0.000155 0.000097 0.000032 0.000084 0.000026 0.000309 0.000045 0.000103 0.001204
0.000395 0.978345 0.000063 0.002286 0.000289 0.000183 0.005369 0.000011 0.004335 0.000099 0.000180 0.001891 0.000367 0.000289 0.000004 0.001792 0.000004 0.000586 0.000406 0.000004 0.000377 0.000004 0.001196 0.000021 0.000420 0.001086
0.000338 0.000591 0.980497 0.000084 0.002460 0.000137 0.000201 0.004984 0.000011 0.005385 0.000053 0.000232 0.000264 0.000169 0.000201 0.000011 0.001140 0.000011 0.000570 0.000465 0.000032 0.000137 0.000011 0.000940 0.000011 0.001066
0.000391 0.002565 0.000070 0.979052 0.000022 0.001842 0.000313 0.000085 0.004949 0.000007 0.004915 0.000177 0.000438 0.000011 0.000240 0.000173 0.000004 0.001253 0.000004 0.000505 0.000155 0.000022 0.000457 0.000004 0.001275 0.001072
0.000342 0.000404 0.001126 0.000148 0.984737 0.000078 0.001647 0.000443 0.000124 0.003612 0.000070 0.003317 0.000093 0.000986 0.000054 0.000109 0.000233 0.000085 0.000575 0.000008 0.000435 0.000334 0.000008 0.000210 0.000031 0.000792
0.000426 0.000375 0.000046 0.001809 0.000088 0.981111 0.000213 0.000564 0.000588 0.000134 0.006370 0.000037 0.003090 0.000005 0.001434 0.000037 0.000106 0.000093 0.000005 0.001092 0.000005 0.000153 0.000722 0.000005 0.000527 0.000967
0.000391 0.006731 0.000043 0.000275 0.000730 0.000517 0.976020 0.000039 0.003213 0.000208 0.000043 0.005175 0.000053 0.000319 0.000005 0.001005 0.000024 0.000623 0.000208 0.000010 0.001097 0.000005 0.000744 0.000502 0.000005 0.002015
0.000217 0.000024 0.005008 0.000229 0.000169 0.001991 0.000712 0.977059 0.000157 0.002558 0.000531 0.000036 0.003982 0.000012 0.001677 0.000048 0.001388 0.000024 0.000326 0.000084 0.000012 0.000495 0.000278 0.000145 0.001231 0.001605
0.000447 0.004607 0.000004 0.005297 0.000102 0.000222 0.001739 0.000095 0.978891 0.000067 0.002918 0.000278 0.000141 0.000218 0.000004 0.000560 0.000004 0.001179 0.000018 0.000391 0.000179 0.000011 0.001351 0.000004 0.000538 0.000739
0.000510 0.000086 0.004499 0.000016 0.003237 0.000149 0.000361 0.001615 0.000180 0.980811 0.000251 0.002438 0.000031 0.000431 0.000400 0.000016 0.000251 0.000008 0.001709 0.000008 0.000580 0.000306 0.000031 0.000760 0.000008 0.001309
0.000443 0.000464 0.000004 0.006465 0.000017 0.005603 0.000226 0.000330 0.002860 0.000184 0.976337 0.000105 0.002145 0.000008 0.000569 0.000360 0.000013 0.000765 0.000008 0.000506 0.000004 0.000188 0.000075 0.000004 0.001121 0.001196
0.000355 0.005780 0.000190 0.000197 0.002962 0.000013 0.005780 0.000125 0.000315 0.000624 0.000282 0.975928 0.000085 0.001360 0.000007 0.000900 0.000545 0.000007 0.000900 0.000020 0.001149 0.000013 0.000407 0.000092 0.000013 0.001951
0.000422 0.000297 0.001045 0.000614 0.000077 0.008753 0.000038 0.002579 0.000403 0.000134 0.002962 0.000105 0.976655 0.000029 0.001428 0.000029 0.000105 0.001860 0.000010 0.000374 0.000010 0.000508 0.000058 0.000240 0.000173 0.001093
0.000270 0.000251 0.000887 0.000212 0.001196 0.000019 0.003008 0.000039 0.000424 0.003587 0.000174 0.002025 0.000154 0.980988 0.000058 0.000309 0.000463 0.000019 0.003027 0.000019 0.001061 0.000019 0.000019 0.000713 0.000019 0.001041
0.000215 0.000020 0.000078 0.001077 0.000020 0.001586 0.000020 0.003427 0.000059 0.000744 0.006540 0.000020 0.001390 0.000098 0.978187 0.000020 0.000685 0.000020 0.000020 0.002115 0.000020 0.001606 0.000020 0.000176 0.001018 0.000822
0.000304 0.003171 0.000021 0.000115 0.000230 0.000335 0.002250 0.000010 0.002732 0.000031 0.000356 0.002187 0.000010 0.000157 0.000031 0.983348 0.000010 0.001089 0.000042 0.000010 0.000952 0.000010 0.001664 0.000010 0.000010 0.000911
0.000242 0.000097 0.002061 0.000024 0.000339 0.000558 0.000073 0.002521 0.000024 0.002618 0.000024 0.001382 0.001479 0.000364 0.000024 0.000024 0.984048 0.000024 0.000994 0.000024 0.000024 0.001770 0.000024 0.000388 0.000024 0.000824
0.000250 0.001519 0.000010 0.002587 0.000106 0.000010 0.000856 0.000087 0.002212 0.000010 0.003298 0.000038 0.000279 0.000029 0.000010 0.001192 0.000010 0.981065 0.000019 0.000529 0.000202 0.000010 0.002270 0.000010 0.001452 0.001943
0.000332 0.001064 0.001729 0.000022 0.001286 0.000155 0.000554 0.000621 0.000310 0.004566 0.000022 0.002416 0.000089 0.002616 0.000022 0.000044 0.000421 0.000066 0.977767 0.000022 0.002616 0.000022 0.000022 0.001685 0.000022 0.001507
0.000067 0.000090 0.000585 0.002833 0.000022 0.004678 0.000022 0.000067 0.002564 0.000337 0.003283 0.000045 0.002676 0.000022 0.000652 0.000022 0.000022 0.001574 0.000022 0.975690 0.000022 0.000630 0.000090 0.000022 0.002181 0.001777
0.000295 0.004174 0.000177 0.001201 0.001654 0.000020 0.003485 0.000217 0.000177 0.001122 0.000473 0.002304 0.000098 0.002363 0.000020 0.000394 0.000039 0.000020 0.001300 0.000315 0.977395 0.000197 0.000768 0.000079 0.000138 0.001575
0.000324 0.000046 0.003889 0.000093 0.000602 0.000324 0.000046 0.001991 0.000417 0.000139 0.001713 0.000509 0.001389 0.000046 0.004722 0.000046 0.001435 0.000046 0.000046 0.001296 0.001018 0.976899 0.000093 0.001343 0.000093 0.001435
0.000280 0.002019 0.000009 0.002038 0.000047 0.000327 0.003599 0.000009 0.003272 0.000075 0.000075 0.001309 0.000206 0.000019 0.000028 0.001328 0.000196 0.001000 0.000065 0.000047 0.000290 0.000009 0.981602 0.000009 0.000365 0.001776
0.000163 0.000611 0.002524 0.000041 0.005210 0.000041 0.000855 0.001547 0.000041 0.003908 0.000163 0.000122 0.000855 0.001425 0.000041 0.000041 0.002809 0.000041 0.000326 0.000448 0.000163 0.000366 0.000041 0.976270 0.000081 0.001872
0.000163 0.001411 0.000070 0.002566 0.000012 0.001831 0.000035 0.000210 0.003930 0.000012 0.002904 0.000047 0.000140 0.000012 0.000222 0.000012 0.000047 0.001878 0.000012 0.001248 0.000035 0.000012 0.001108 0.000012 0.981340 0.000735
0.000548 0.001382 0.000317 0.001400 0.000517 0.001165 0.001621 0.000722 0.001434 0.000900 0.001521 0.001400 0.000808 0.000100 0.000248 0.000317 0.000126 0.000482 0.000096 0.000170 0.000209 0.000030 0.000469 0.000096 0.000439 0.983484
