0.988535 0.001112 0.000281 0.001034 0.000472 0.000844 0.001110 0.000432 0.001060 0.000666 0.001009 0.000824 0.000549 0.000125 0.000143 0.000289 0.000087 0.000309 0.000087 0.000095 0.000149 0.000059 0.000367 0.000063 0.000299
0.001536 0.977437 0.000070 0.002467 0.000274 0.000178 0.005427 0.000009 0.004554 0.000111 0.000222 0.002000 0.000423 0.000260 0.000003 0.001740 0.000003 0.000546 0.000438 0.000003 0.000677 0.000003 0.001238 0.000018 0.000365
0.001274 0.000534 0.980113 0.000103 0.002358 0.000112 0.000172 0.004604 0.000017 0.005946 0.000060 0.000241 0.000284 0.000189 0.000164 0.000060 0.001463 0.000009 0.000491 0.000422 0.000034 0.000155 0.000009 0.001179 0.000009
0.001368 0.002491 0.000062 0.979056 0.000059 0.001849 0.000381 0.000068 0.005081 0.000009 0.004891 0.000169 0.000464 0.000042 0.000214 0.000184 0.000003 0.001156 0.000003 0.000485 0.000232 0.000018 0.000452 0.000003 0.001261
0.001266 0.000377 0.001260 0.000216 0.983944 0.000074 0.001427 0.000488 0.000185 0.003929 0.000105 0.003287 0.000099 0.001143 0.000056 0.000136 0.000210 0.000068 0.000599 0.000006 0.000624 0.000303 0.000006 0.000167 0.000025
0.001396 0.000371 0.000036 0.001893 0.000083 0.981047 0.000278 0.000894 0.000591 0.000112 0.006044 0.000032 0.003080 0.000004 0.001410 0.000032 0.000097 0.000087 0.000004 0.001060 0.000004 0.000166 0.000822 0.000004 0.000454
0.002208 0.006645 0.000059 0.000433 0.000773 0.000659 0.975849 0.000039 0.003250 0.000191 0.000051 0.005462 0.000043 0.000281 0.000004 0.001022 0.000020 0.000562 0.000207 0.000008 0.001112 0.000004 0.000667 0.000449 0.000004
0.001672 0.000019 0.004788 0.000266 0.000181 0.002793 0.000599 0.976609 0.000190 0.003411 0.000513 0.000095 0.003895 0.000010 0.001321 0.000038 0.001112 0.000019 0.000323 0.000086 0.000010 0.000589 0.000219 0.000133 0.001112
0.001225 0.004717 0.000003 0.005133 0.000107 0.000315 0.002098 0.000087 0.978277 0.000058 0.002887 0.000263 0.000153 0.000277 0.000003 0.000595 0.000003 0.001358 0.000020 0.000324 0.000153 0.000009 0.001483 0.000009 0.000442
0.001713 0.000090 0.004066 0.000012 0.003493 0.000127 0.000344 0.001725 0.000181 0.980279 0.000193 0.002323 0.000042 0.000483 0.000326 0.000012 0.000808 0.000006 0.001774 0.000024 0.000501 0.000259 0.000024 0.001188 0.000006
0.001466 0.000453 0.000019 0.005928 0.000022 0.005192 0.000217 0.000261 0.002473 0.000163 0.977828 0.000096 0.001944 0.000006 0.000491 0.000516 0.000010 0.000813 0.000006 0.000510 0.000003 0.000268 0.000153 0.000003 0.001160
0.002051 0.005966 0.000151 0.000193 0.003351 0.000115 0.005741 0.000172 0.000313 0.000632 0.000261 0.976075 0.000099 0.001143 0.000005 0.000861 0.000491 0.000005 0.000715 0.000016 0.001133 0.000010 0.000381 0.000104 0.000016
0.001492 0.000371 0.000985 0.000553 0.000068 0.009035 0.000030 0.002454 0.000364 0.000144 0.002863 0.000326 0.976803 0.000023 0.001318 0.000023 0.000083 0.001681 0.000008 0.000386 0.000008 0.000598 0.000061 0.000189 0.000136
0.001489 0.000453 0.000842 0.000599 0.001230 0.000016 0.003173 0.000032 0.000712 0.003658 0.000146 0.002202 0.000146 0.979943 0.000049 0.000259 0.000389 0.000016 0.002639 0.000016 0.000890 0.000016 0.000049 0.001020 0.000016
0.000911 0.000017 0.000069 0.001168 0.000086 0.001632 0.000017 0.003127 0.000086 0.000653 0.006391 0.000017 0.001632 0.000086 0.978405 0.000017 0.000601 0.000017 0.000017 0.002336 0.000017 0.001563 0.000017 0.000155 0.000962
0.001164 0.003115 0.000016 0.000112 0.000217 0.000265 0.001991 0.000008 0.002802 0.000024 0.000811 0.001887 0.000008 0.000169 0.000040 0.983334 0.000008 0.000963 0.000032 0.000008 0.000859 0.000008 0.002111 0.000008 0.000040
0.000981 0.000077 0.002693 0.000019 0.000269 0.000442 0.000077 0.002077 0.000058 0.004193 0.000038 0.001231 0.001192 0.000288 0.000019 0.000019 0.983306 0.000019 0.000846 0.000058 0.000019 0.001731 0.000019 0.000308 0.000019
0.002383 0.001580 0.000008 0.002507 0.000091 0.000050 0.001009 0.000108 0.002507 0.000008 0.003608 0.000033 0.000281 0.000066 0.000008 0.001125 0.000008 0.980208 0.000017 0.000571 0.000281 0.000008 0.002201 0.000008 0.001324
0.001834 0.001347 0.002170 0.000019 0.001216 0.000206 0.000468 0.000655 0.000262 0.004341 0.000019 0.002245 0.000075 0.002526 0.000019 0.000037 0.000449 0.000094 0.977679 0.000019 0.002264 0.000019 0.000075 0.001852 0.000112
0.001564 0.000069 0.000464 0.002458 0.000017 0.004590 0.000086 0.000052 0.002751 0.000447 0.003215 0.000034 0.003077 0.000017 0.000499 0.000017 0.000017 0.001444 0.000086 0.976551 0.000069 0.000481 0.000069 0.000017 0.001908
0.001685 0.004853 0.000174 0.001163 0.001364 0.000013 0.002848 0.000147 0.000187 0.000775 0.000361 0.001925 0.000067 0.002246 0.000013 0.000374 0.000027 0.000013 0.000963 0.000267 0.979583 0.000174 0.000628 0.000053 0.000094
0.002059 0.000036 0.003793 0.000289 0.000470 0.000289 0.000036 0.002456 0.000325 0.000108 0.002167 0.000542 0.001084 0.000036 0.003829 0.000036 0.001336 0.000036 0.000036 0.002673 0.000795 0.975980 0.000072 0.001445 0.000072
0.001932 0.001683 0.000008 0.002226 0.000038 0.000332 0.003442 0.000008 0.003562 0.000060 0.000083 0.001336 0.000196 0.000015 0.000023 0.001834 0.000158 0.001064 0.000053 0.000038 0.000332 0.000008 0.980943 0.000015 0.000611
0.002791 0.000527 0.002698 0.000031 0.004434 0.000031 0.000930 0.004155 0.000031 0.003318 0.000124 0.000093 0.000651 0.001116 0.000031 0.000031 0.002388 0.000031 0.000496 0.000651 0.000124 0.000434 0.000031 0.974729 0.000124
0.000964 0.001263 0.000056 0.002536 0.000009 0.001890 0.000047 0.000346 0.003602 0.000009 0.002807 0.000075 0.000112 0.000009 0.000178 0.000037 0.000037 0.001647 0.000019 0.001282 0.000028 0.000009 0.000982 0.000009 0.982045
