0.331586 0.250924 0.281205 0.263654 0.205374 0.314350 0.208566 0.266074 0.227302 0.217632 0.274067 0.215626
0.215163 0.146489 0.255661 1.212760 0.178426 0.185563 0.145067 0.301602 0.218113 0.202352 0.539527 0.170045
0.184327 0.198236 0.126771 0.244279 1.145232 0.188244 0.178356 0.118046 0.276161 0.201008 0.210886 0.564466
0.605645 0.177087 0.207728 0.146962 0.214475 1.211780 0.156912 0.190188 0.146763 0.285959 0.237634 0.187079
0.213883 0.608190 0.197417 0.193403 0.167747 0.226145 1.131369 0.202386 0.153157 0.129382 0.273791 0.226722
0.223596 0.209993 0.689430 0.168472 0.179722 0.153372 0.213759 1.254808 0.164081 0.162009 0.183398 0.265864
0.316554 0.230837 0.236566 0.627110 0.174925 0.207689 0.132071 0.220266 1.073208 0.177778 0.199112 0.151542
0.171495 0.268060 0.233445 0.176105 0.546055 0.170281 0.183053 0.165201 0.213948 1.142821 0.201288 0.210554
0.169744 0.158676 0.338194 0.225837 0.177622 0.566878 0.150514 0.186933 0.135593 0.196355 1.167838 0.196416
0.201459 0.198391 0.162860 0.262526 0.212687 0.197931 0.518282 0.138458 0.177918 0.132814 0.232136 1.157385
1.183835 0.197492 0.203178 0.170564 0.271468 0.239784 0.189670 0.541655 0.150682 0.190794 0.160081 0.216866
0.268109 1.189200 0.207209 0.213999 0.149014 0.290763 0.197925 0.188684 0.504563 0.155282 0.194292 0.137302
0.173757 0.232697 1.251902 0.200927 0.177262 0.166766 0.278323 0.270622 0.208794 0.535562 0.182156 0.179690
0.183131 0.210111 0.247440 1.295228 0.201894 0.209486 0.271767 0.143043 0.264931 0.179031 0.465417 0.223097
0.206624 0.125262 0.217852 0.227731 1.074442 0.194829 0.167155 0.299361 0.139667 0.216859 0.200978 0.511872
0.564911 0.214279 0.198474 0.271676 0.217032 1.099334 0.161797 0.180632 0.272527 0.172647 0.283282 0.209628
0.219111 0.532646 0.217414 0.125376 0.339645 0.236011 1.068651 0.156622 0.157751 0.274258 0.164114 0.271998
0.235858 0.193003 0.622069 0.190087 0.162342 0.250913 0.199099 1.166374 0.183635 0.167247 0.329254 0.156145
0.205840 0.272849 0.216686 0.582072 0.174102 0.151133 0.250736 0.197033 1.180320 0.163049 0.169905 0.270459
0.239779 0.166300 0.273521 0.205800 0.537064 0.203056 0.102810 0.178305 0.201346 1.199330 0.222063 0.132381
0.196801 0.250443 0.187538 0.273461 0.208730 0.514081 0.202463 0.143782 0.234311 0.227548 1.091729 0.202215
0.230267 0.145864 0.272708 0.183726 0.272059 0.198194 0.409783 0.172082 0.125932 0.237535 0.213588 1.094762
1.134033 0.184562 0.198630 0.319844 0.178932 0.299335 0.211428 0.451422 0.196641 0.173194 0.258308 0.214608
0.269809 1.198907 0.192172 0.193307 0.308355 0.173305 0.259505 0.160941 0.428234 0.161588 0.130908 0.267958
0.231050 0.254686 1.264728 0.228900 0.155522 0.272738 0.155602 0.276027 0.192727 0.459252 0.217003 0.161115
